Time  Temperature  Salinity  Oxygen  pH     
2045  13.233       33.5317   209.86  7.999  
2100  13.300       33.4850   209.84  8.001  
2114  13.269       33.4960   208.82  7.998  
2129  13.261       33.4764   207.71  7.995  
2145  13.284       33.4921   207.39  7.999  
2200  13.259       33.4959   207.10  7.998  
2215  13.270       33.4837   206.71  8.001  
2230  13.281       33.5134   206.88  8.005  
2244  13.240       33.4893   207.70  8.000  
2259  13.286       33.4727   207.87  8.000  
2315  13.260       33.4926   208.91  8.001  
2330  13.295       33.5002   207.93  7.999  
2345  13.209       33.5432   207.29  7.999  
0000  13.226       33.5133   206.30  7.994  
0014  13.295       33.4834   207.09  7.993  
0029  13.380       33.5243   210.78  8.007  
0045  13.504       33.4631   214.81  8.014  
0100  13.665       33.5093   220.10  8.028  
0115  13.880       33.6314   228.26  8.043  
0130  13.820       33.6402   230.36  8.050  
0144  13.983       33.6147   233.19  8.048  
0159  14.135       33.5919   235.33  8.054  
0215  14.744       33.6201   242.64  8.066  
0230  15.151       33.7468   246.89  8.076  
0245  15.752       33.6727   249.92  8.078  
0300  15.469       33.5831   253.52  8.085  
0314  15.631       33.5907   252.98  8.086  
0329  15.611       33.6063   253.79  8.088  
0345  15.280       33.6219   252.46  8.087  
0400  15.602       33.6375   249.49  8.083  
0415  15.194       33.6505   248.82  8.074  
0430  15.584       33.6634   249.79  8.080  
0444  15.119       33.5084   249.28  8.075  
0459  15.179       33.5498   246.96  8.075  
0515  15.040       33.5912   245.58  8.071  
0530  14.616       33.6315   243.26  8.066  
0545  14.506       33.4794   240.89  8.060  
0600  14.421       33.5329   238.82  8.067  
0614  14.296       33.5864   238.10  8.051  
0629  14.129       33.5837   234.89  8.053  
0645  14.094       33.5382   235.81  8.057  
0700  14.085       33.4955   233.66  8.054  
0715  13.959       33.5095   230.77  8.039  
0730  13.823       33.5297   230.22  8.041  
0744  13.846       33.5481   229.90  8.044  
0759  13.861       33.6047   230.20  8.044  
0815  13.825       33.4636   229.39  8.046  
0830  13.789       33.5397   228.25  8.043  
0845  13.480       33.5243   228.15  8.041  
0900  13.518       33.6099   226.13  8.040  
0914  13.506       33.5908   224.40  8.036  
0929  13.602       33.6425   224.55  8.037  
0945  13.587       33.4833   224.87  8.044  
1000  13.883       33.5558   224.49  8.033  
1015  13.930       33.5947   228.80  8.045  
1030  13.857       33.6204   231.35  8.051  
1044  14.232       33.6460   232.71  8.063  
1059  14.199       33.7259   239.36  8.071  
1115  14.215       33.6649   239.23  8.069  
1130  14.034       33.6038   238.06  8.064  
1145  13.826       33.5428   235.52  8.057  
1200  13.882       33.4706   234.80  8.044  
1214  14.052       33.5305   231.71  8.041  
1229  14.078       33.5678   231.86  8.044  
1245  14.906       33.5543   237.51  8.066  
1300  14.631       33.6663   245.24  8.090  
1315  14.876       33.6231   249.58  8.087  
1330  15.488       33.6094   251.39  8.088  
1344  15.155       33.5956   253.74  8.089  
1359  15.054       33.6015   251.39  8.079  
1415  16.149       33.5957   255.96  8.093  
1430  16.304       33.6092   261.23  8.113  
1445  15.770       33.5906   262.41  8.116  
1500  15.281       33.5268   257.14  8.093  
1514  14.958       33.5375   250.35  8.072  
1529  15.534       33.6139   248.94  8.080  
1545  14.440       33.6302   247.84  8.074  
1600  14.764       33.5358   242.27  8.070  
1615  14.686       33.5699   244.73  8.068  
1630  14.367       33.6527   241.55  8.066  
1644  13.965       33.5673   236.90  8.047  
1659  13.944       33.5552   231.09  8.043  
1715  14.045       33.5023   229.54  8.044  
1730  13.859       33.4954   227.90  8.033  
1745  13.987       33.5907   225.97  8.042  
1800  13.511       33.5643   227.06  8.032  
1814  13.509       33.5447   222.93  8.030  
1829  13.567       33.5158   221.19  8.024  
1845  13.975       33.5531   222.48  8.034  
1900  14.259       33.5762   227.93  8.043  
1915  14.046       33.5458   229.69  8.047  
1930  14.368       33.5785   230.79  8.048  
1944  14.258       33.5594   232.51  8.054  
1959  14.266       33.5180   233.84  8.055  
2015  14.032       33.5703   231.58  8.046  
2030  14.361       33.5667   232.42  8.048  
2045  14.511       33.4912   235.02  8.054  
2100  14.617       33.5154   235.47  8.058  
2114  14.321       33.5614   234.21  8.045  
2129  14.029       33.5270   230.80  8.035  
2145  14.000       33.5757   228.85  8.037  
2200  13.941       33.5206   226.63  8.032  
2215  13.754       33.5395   224.56  8.028  
2230  13.770       33.5130   223.72  8.028  
2244  13.715       33.5077   222.17  8.024  
2259  13.633       33.5676   220.85  8.026  
2315  13.549       33.6234   219.32  8.022  
2330  13.651       33.5730   220.07  8.025  
2345  13.587       33.6193   220.29  8.026  
0000  13.470       33.5067   217.79  8.023  
0014  13.496       33.5810   215.77  8.015  
0029  14.474       33.5927   224.40  8.053  
0045  14.073       33.6044   234.18  8.059  
0100  14.827       33.6356   237.23  8.067  
0115  14.693       33.5963   241.06  8.081  
0130  15.572       33.5922   244.98  8.086  
0144  15.648       33.4834   251.77  8.094  
0159  15.796       33.7071   255.32  8.099  
0215  16.367       33.5893   258.53  8.104  
0230  16.400       33.4851   261.39  8.108  
0245  16.516       33.6081   261.27  8.110  
0300  16.364       33.5394   261.81  8.113  
0314  15.399       33.5417   259.49  8.118  
0329  15.405       33.5137   254.61  8.095  
0345  15.661       33.5918   255.88  8.098  
0400  15.198       33.6277   255.00  8.095  
0415  15.274       33.5619   250.91  8.083  
0430  15.024       33.6701   248.75  8.083  
0444  15.514       33.5598   249.28  8.085  
0459  15.174       33.6899   252.43  8.095  
0515  15.669       33.6059   253.24  8.093  
0530  15.347       33.6507   251.65  8.085  
0545  15.153       33.5733   249.55  8.084  
0600  15.078       33.6106   247.68  8.080  
0614  14.894       33.5461   245.51  8.077  
0629  14.719       33.6157   244.10  8.074  
0645  14.394       33.6260   240.61  8.061  
0700  14.154       33.5427   235.55  8.055  
0715  14.094       33.5592   231.28  8.049  
0730  13.983       33.6980   231.32  8.049  
0744  14.100       33.5767   230.38  8.048  
0759  14.147       33.4625   230.13  8.054  
0815  14.010       33.6265   232.22  8.055  
0830  14.096       33.5689   232.48  8.059  
0845  14.751       33.5801   241.61  8.083  
0900  16.339       33.5913   247.44  8.091  
0914  16.640       33.5507   254.77  8.091  
0929  16.831       33.5169   254.29  8.085  
0945  17.016       33.4932   256.18  8.078  
1000  16.968       33.5116   256.36  8.081  
1015  16.906       33.5060   256.36  8.083  
1030  16.922       33.5168   255.43  8.080  
1044  16.663       33.5537   255.57  8.081  
1059  16.651       33.5506   254.96  8.082  
1115  16.513       33.5408   254.47  8.085  
1130  16.372       33.6360   253.82  8.081  
1145  16.382       33.6056   253.33  8.080  
1200  15.590       33.6400   251.35  8.082  
1214  15.468       33.6744   249.24  8.085  
1229  15.889       33.7310   250.07  8.085  
1245  16.669       33.5295   251.59  8.082  
1300  16.834       33.5130   253.80  8.085  
1315  16.753       33.5611   255.43  8.089  
1330  16.870       33.5302   256.22  8.091  
1344  16.442       33.5569   256.99  8.092  
1359  16.415       33.5279   256.45  8.088  
1415  15.637       33.7233   254.20  8.095  
1430  15.543       33.5911   252.00  8.089  
1445  15.056       33.5659   247.38  8.079  
1500  14.209       33.5623   238.99  8.065  
1514  14.155       33.5587   229.51  8.043  
1529  13.850       33.5230   224.49  8.025  
1545  13.714       33.5945   219.15  8.031  
1600  13.576       33.5160   215.98  8.019  
1615  13.483       33.5525   212.88  8.018  
1630  13.382       33.5010   212.01  8.009  
1644  13.693       33.5403   211.35  8.017  
1659  13.932       33.5811   217.19  8.030  
1715  15.759       33.6288   233.31  8.074  
1730  15.127       33.6564   244.00  8.091  
1745  15.285       33.6839   245.71  8.081  
1800  16.612       33.5818   249.14  8.080  
1814  16.297       33.6579   254.71  8.094  
1829  16.576       33.5533   254.99  8.098  
1845  16.539       33.6951   259.14  8.108  
1900  16.266       33.5868   261.00  8.109  
1915  16.210       33.5696   259.86  8.103  
1930  16.120       33.5796   257.61  8.099  
1944  15.680       33.6403   254.96  8.095  
1959  15.436       33.7009   252.43  8.091  
2015  14.989       33.6775   250.24  8.088  
2030  14.684       33.6540   244.81  8.072  
2045  14.374       33.6398   239.70  8.061  
2100  14.216       33.5245   235.48  8.059  
2114  14.248       33.5330   232.91  8.054  
2129  14.689       33.5312   233.78  8.071  
2145  14.656       33.5185   241.72  8.084  
2200  14.498       33.5057   241.12  8.075  
2215  14.721       33.4980   239.45  8.070  
2230  14.788       33.6476   243.98  8.082  
2244  14.973       33.6007   246.01  8.086  
2259  14.541       33.4557   244.42  8.078  
2315  14.420       33.5464   240.96  8.071  
2330  14.464       33.5496   240.53  8.068  
2345  14.521       33.5183   240.52  8.067  
0000  14.417       33.5455   239.57  8.062  
0014  14.209       33.5853   237.42  8.060  
0029  14.235       33.5400   237.47  8.067  
0045  14.114       33.7001   238.41  8.067  
0100  14.308       33.6115   239.40  8.067  
0115  14.384       33.6419   242.96  8.078  
0130  15.062       33.6722   250.56  8.087  
0144  14.968       33.6361   252.07  8.093  
0159  15.019       33.6981   251.60  8.085  
0215  15.986       33.6489   256.97  8.105  
0230  16.547       33.5998   267.77  8.117  
0245  16.910       33.5506   271.14  8.117  
0300  16.768       33.6214   270.82  8.111  
0314  16.537       33.6499   269.40  8.101  
0329  16.157       33.6053   267.24  8.099  
0345  16.806       33.4830   266.98  8.097  
0400  16.209       33.7062   268.43  8.107  
0415  16.627       33.6240   267.60  8.100  
0430  15.285       33.5924   265.78  8.107  
0444  16.056       33.5607   262.67  8.094  
0459  17.086       33.5250   265.07  8.098  
0515  16.622       33.5373   271.08  8.105  
0530  17.193       33.4873   271.37  8.098  
0545  17.146       33.5433   271.55  8.097  
0600  17.147       33.5983   271.99  8.101  
0614  17.119       33.5490   273.34  8.100  
0629  17.083       33.5564   272.22  8.098  
0645  16.812       33.5494   271.06  8.099  
0700  16.764       33.6309   269.11  8.102  
0715  16.716       33.5379   268.43  8.097  
0730  16.504       33.5854   267.44  8.097  
0744  16.759       33.4688   265.26  8.092  
0759  15.986       33.6922   264.76  8.093  
0815  16.833       33.4893   263.80  8.095  
0830  16.526       33.5622   266.91  8.103  
0845  15.692       33.6711   264.14  8.103  
0900  16.845       33.5576   265.04  8.095  
0914  16.896       33.5402   267.42  8.099  
0929  16.868       33.5610   267.11  8.098  
0945  16.517       33.5226   268.46  8.102  
1000  16.837       33.5877   267.30  8.096  
1015  16.326       33.5920   265.96  8.100  
1030  16.271       33.5963   265.67  8.102  
1044  15.379       33.6392   262.37  8.102  
1059  15.132       33.5481   259.22  8.099  
1115  14.806       33.5665   253.35  8.098  
1130  15.315       33.6017   251.92  8.087  
1145  14.918       33.5498   253.01  8.094  
1200  14.556       33.5335   248.71  8.093  
1214  14.444       33.6133   244.02  8.081  
1229  15.695       33.7147   243.66  8.096  
1245  15.237       33.5719   258.08  8.117  
1300  14.915       33.5561   253.60  8.097  
1315  15.123       33.5317   251.31  8.091  
1330  14.874       33.5950   250.50  8.091  
1344  15.101       33.6583   250.67  8.090  
1359  14.909       33.6859   251.30  8.091  
1415  14.521       33.5741   247.32  8.090  
1430  14.421       33.7351   244.76  8.075  
1445  14.661       33.6528   246.34  8.080  
1500  14.571       33.5705   245.17  8.084  
1514  14.328       33.5235   242.38  8.070  
1529  14.340       33.3720   239.69  8.063  
1545  14.200       33.6552   238.58  8.059  
1600  13.701       33.6166   236.66  8.062  
1615  13.762       33.5276   232.96  8.049  
1630  13.959       33.5681   232.31  8.046  
1644  14.418       33.5962   237.09  8.060  
1659  15.502       33.6620   250.85  8.087  
1715  15.410       33.6102   256.17  8.102  
1730  15.311       33.6397   256.69  8.097  
1745  15.014       33.7445   252.84  8.084  
1800  15.096       33.6983   250.01  8.074  
1814  14.362       33.6707   249.52  8.065  
1829  14.597       33.5189   244.56  8.054  
1845  14.138       33.4726   241.88  8.059  
1900  14.115       33.6049   239.45  8.046  
1915  14.618       33.4842   241.93  8.053  
1930  14.962       33.5391   245.76  8.078  
1944  15.685       33.6112   256.26  8.092  
1959  16.137       33.6356   259.08  8.099  
2015  15.490       33.7360   260.86  8.094  
2030  14.947       33.6177   257.70  8.092  
2045  14.968       33.5942   253.98  8.072  
2100  14.632       33.5370   253.93  8.068  
2114  14.299       33.5523   251.10  8.072  
2129  14.608       33.6036   248.25  8.058  
2145  14.217       33.5682   249.36  8.071  
2200  14.339       33.4822   250.42  8.072  
2215  14.042       33.6109   248.19  8.068  
2230  13.995       33.5049   247.26  8.068  
2244  13.924       33.4893   245.82  8.066  
2259  13.811       33.5369   243.68  8.063  
2315  13.831       33.5001   243.53  8.062  
2330  13.817       33.4823   243.95  8.066  
2345  13.782       33.5125   244.91  8.070  
2315  16.020       33.4453   264.10  8.072  
2330  15.983       33.4562   264.36  8.077  
2345  16.120       33.4495   266.44  8.082  
0000  14.995       33.4290   241.01  8.056  
0014  15.027       33.4308   243.36  8.061  
0029  15.060       33.4347   248.60  8.069  
0045  15.051       33.4333   251.43  8.075  
0100  15.070       33.4361   254.61  8.080  
0115  15.093       33.4417   257.82  8.084  
0130  15.132       33.4345   260.45  8.090  
0144  15.128       33.4259   264.09  8.093  
0159  15.170       33.4397   266.68  8.098  
0215  15.215       33.4360   270.35  8.103  
0230  15.221       33.4390   271.09  8.104  
0245  15.226       33.4415   265.98  8.093  
0300  15.229       33.4509   263.10  8.090  
0314  15.186       33.4524   259.30  8.083  
0329  15.152       33.4396   255.45  8.076  
0345  15.185       33.4673   255.90  8.078  
0400  15.150       33.4331   254.81  8.076  
0415  15.104       33.4427   252.69  8.072  
0430  15.016       33.4351   248.98  8.065  
0444  14.970       33.4366   246.19  8.061  
0459  14.961       33.4414   244.85  8.058  
0515  15.085       33.4448   247.53  8.066  
0530  15.130       33.4081   245.99  8.062  
0545  15.039       33.4364   245.54  8.060  
0600  15.046       33.4690   249.44  8.073  
0614  15.045       33.4418   250.51  8.072  
0629  15.019       33.4393   249.75  8.070  
0645  14.873       33.4449   245.33  8.062  
0700  14.728       33.4420   237.19  8.046  
0715  14.738       33.4317   232.57  8.034  
0730  14.516       33.4216   224.13  8.020  
0744  14.237       33.4353   212.19  7.992  
0759  13.890       33.4414   195.36  7.958  
0815  13.701       33.4298   180.18  7.925  
0830  13.788       33.4756   174.31  7.912  
0845  13.803       33.4356   173.22  7.916  
0900  13.791       33.4789   171.44  7.913  
0914  13.925       33.4818   174.92  7.925  
0929  14.074       33.5079   182.15  7.944  
0945  14.035       33.4734   186.17  7.950  
1000  13.954       33.4404   184.12  7.943  
1015  14.127       33.4440   188.84  7.952  
1030  14.455       33.4484   200.43  7.993  
1044  13.696       33.4081   196.84  7.954  
1059  13.605       33.3880   180.13  7.928  
1115  13.686       33.4535   175.61  7.921  
1130  13.364       33.3985   174.54  7.920  
1145  13.237       33.4004   172.73  7.912  
1200  13.262       33.3948   172.03  7.910  
1214  13.215       33.4004   171.95  7.911  
1229  13.014       33.4002   172.67  7.913  
1245  12.960       33.3882   172.84  7.912  
1300  12.960       33.4179   173.20  7.912  
1315  12.961       33.4158   172.99  7.910  
1330  13.819       33.4367   172.47  7.905  
1344  13.354       33.4962   173.35  7.918  
1359  13.673       33.5281   175.32  7.921  
1415  13.432       33.3854   171.67  7.916  
1430  13.941       33.5064   174.51  7.918  
1445  14.586       33.4615   195.24  7.983  
1500  14.694       33.4595   216.28  8.016  
1514  14.677       33.4468   224.54  8.033  
1529  14.732       33.4428   228.39  8.037  
1545  14.637       33.4621   227.46  8.029  
1600  14.634       33.4467   225.04  8.021  
1615  14.663       33.4506   225.80  8.022  
1630  14.676       33.4437   227.16  8.025  
1644  14.684       33.4355   228.18  8.028  
1659  14.632       33.4465   229.50  8.030  
1715  14.634       33.4351   230.64  8.030  
1730  14.611       33.4360   231.54  8.031  
1745  14.540       33.4343   231.51  8.031  
1800  14.602       33.4404   232.73  8.033  
1814  14.573       33.4265   234.28  8.034  
1829  14.537       33.4424   233.90  8.034  
1845  14.512       33.4320   232.78  8.031  
1900  14.531       33.4162   232.90  8.031  
1915  14.505       33.4211   230.63  8.028  
1930  14.407       33.4400   227.71  8.019  
1944  14.282       33.4339   221.72  8.007  
1959  14.473       33.4320   221.27  8.010  
2015  14.177       33.4348   216.58  8.004  
2030  14.082       33.4313   206.39  7.973  
2045  14.253       33.4244   207.43  7.977  
2100  14.309       33.4201   209.81  7.987  
2114  14.233       33.4513   210.63  7.989  
2129  14.016       33.4469   204.73  7.975  
2145  13.994       33.4239   198.44  7.961  
2200  13.946       33.4374   193.46  7.953  
2215  13.842       33.4326   189.00  7.943  
2230  13.914       33.3767   188.36  7.940  
2244  13.789       33.4242   185.06  7.933  
2259  13.925       33.4090   184.58  7.936  
2315  14.056       33.4258   192.14  7.957  
2330  14.382       33.4102   207.67  7.983  
2345  14.468       33.4806   221.53  8.016  
0000  14.867       32.7123   254.12  8.056  
0014  14.911       32.7135   254.09  8.055  
0029  14.935       32.7146   253.71  8.056  
0045  14.971       32.7157   252.88  8.055  
0100  14.990       32.7169   252.41  8.053  
0115  15.001       32.7180   252.04  8.051  
0130  15.009       32.7191   251.70  8.052  
0144  14.987       32.7203   251.05  8.049  
0159  14.880       32.7214   250.18  8.053  
0215  14.868       32.8482   250.54  8.047  
0230  14.866       32.8611   250.36  8.051  
0245  14.858       32.9026   250.40  8.051  
0300  14.853       32.9435   250.08  8.053  
0314  14.853       32.9792   248.18  8.048  
0329  14.872       32.9979   247.50  8.045  
0345  14.927       33.0337   246.26  8.046  
0400  15.081       33.1038   247.21  8.044  
0415  15.142       33.1411   246.90  8.046  
0430  15.169       33.1728   246.73  8.042  
0444  15.181       33.1627   247.46  8.038  
0459  15.189       33.1611   246.61  8.039  
0515  15.198       33.1719   246.14  8.046  
0530  15.192       33.1359   245.88  8.044  
0545  15.200       33.1565   245.86  8.040  
0600  15.200       33.1684   245.81  8.044  
0614  15.198       33.1798   245.45  8.044  
0629  15.193       33.1824   245.71  8.042  
0645  15.190       33.1933   246.14  8.040  
0700  15.182       33.1791   246.02  8.036  
0715  15.175       33.1705   246.54  8.041  
0730  15.182       33.1989   245.91  8.038  
0744  15.178       33.2057   246.56  8.042  
0759  15.178       33.2160   246.76  8.043  
0815  15.173       33.2056   246.85  8.035  
0830  15.176       33.2256   246.51  8.043  
0845  15.175       33.2198   246.62  8.037  
0900  15.177       33.2169   246.91  8.042  
0914  15.178       33.2208   246.52  8.045  
0929  15.185       33.2336   246.64  8.042  
0945  15.182       33.2238   246.47  8.041  
1000  15.193       33.2290   246.55  8.042  
1015  15.202       33.2274   246.41  8.044  
1030  15.207       33.2331   246.12  8.044  
1044  15.213       33.2388   246.60  8.039  
1059  15.211       33.2452   246.43  8.047  
1115  15.207       33.2381   246.32  8.040  
1130  15.213       33.2441   246.01  8.049  
1145  15.205       33.2259   246.25  8.045  
1200  15.190       33.2022   245.77  8.045  
1214  15.189       33.1999   245.92  8.044  
1229  15.185       33.2033   245.49  8.045  
1245  15.179       33.1904   245.28  8.047  
1300  15.182       33.1981   245.42  8.041  
1315  15.176       33.1872   245.46  8.047  
1330  15.176       33.1896   244.71  8.044  
1344  15.176       33.1823   245.29  8.045  
1359  15.182       33.1821   245.00  8.041  
1415  15.188       33.1830   244.18  8.048  
1430  15.181       33.1760   245.11  8.047  
1445  15.181       33.1758   245.42  8.046  
1500  15.175       33.1702   245.53  8.046  
1514  15.164       33.1651   246.02  8.045  
1529  15.163       33.1545   246.01  8.048  
1545  15.147       33.1456   245.47  8.048  
1600  15.147       33.1462   246.03  8.044  
1615  15.127       33.1369   245.88  8.047  
1630  15.128       33.1445   245.85  8.044  
1644  15.128       33.1437   244.62  8.032  
1659  15.128       33.1470   245.55  8.041  
1715  15.131       33.1434   246.06  8.047  
1730  15.126       33.1420   246.01  8.044  
1745  15.125       33.1473   246.13  8.045  
1800  15.121       33.1383   245.97  8.048  
1814  15.139       33.1360   245.83  8.047  
1829  15.146       33.1406   245.58  8.049  
1845  15.156       33.1597   245.77  8.049  
1900  15.162       33.1670   245.78  8.049  
1915  15.159       33.1486   246.49  8.049  
1930  15.158       33.1528   246.53  8.051  
1944  15.159       33.1541   246.02  8.046  
1959  15.152       33.1445   246.53  8.050  
2015  15.158       33.1544   247.22  8.048  
2030  15.159       33.1466   246.66  8.049  
2045  15.162       33.1415   246.26  8.049  
2100  15.161       33.1440   246.66  8.052  
2114  15.166       33.1520   247.00  8.052  
2129  15.160       33.1321   247.47  8.052  
2145  15.163       33.1434   248.07  8.051  
2200  15.156       33.1250   248.48  8.052  
2215  15.153       33.1210   248.61  8.052  
2230  15.152       33.1254   248.13  8.050  
2244  15.146       33.1247   248.13  8.052  
2259  15.145       33.1328   248.02  8.051  
2315  15.149       33.1442   247.48  8.053  
2330  15.153       33.1399   247.65  8.054  
2345  15.161       33.1513   246.96  8.051  
0000  13.977       33.0953   228.92  8.012  
0014  13.987       33.0922   228.98  8.014  
0029  13.994       33.0989   228.50  8.013  
0045  14.000       33.0987   228.91  8.014  
0100  14.017       33.0995   227.64  8.012  
0115  14.027       33.1032   227.75  8.012  
0130  14.043       33.1039   227.74  8.013  
0144  14.036       33.1092   226.37  8.012  
0159  14.037       33.1134   224.70  8.009  
0215  14.044       33.1105   223.61  8.008  
0230  14.041       33.1139   223.41  8.007  
0245  14.039       33.1161   221.95  8.005  
0300  14.046       33.1128   221.66  8.004  
0314  14.057       33.1074   223.86  8.007  
0329  14.060       33.1080   225.06  8.006  
0345  14.047       33.1143   223.97  8.005  
0400  14.050       33.1123   223.76  8.006  
0415  14.051       33.1115   224.00  8.004  
0430  14.052       33.1098   225.03  8.006  
0444  14.057       33.1073   225.13  8.008  
0459  14.061       33.1058   226.96  8.006  
0515  14.056       33.1034   227.00  8.008  
0530  14.061       33.1022   229.16  8.009  
0545  14.059       33.1017   229.89  8.014  
0600  14.056       33.0953   229.67  8.015  
0614  14.057       33.0962   229.54  8.012  
0629  14.049       33.0980   230.54  8.013  
0645  14.038       33.0916   231.21  8.013  
0700  14.010       33.1049   230.80  8.012  
0715  14.023       33.0939   230.90  8.011  
0730  14.025       33.0936   231.50  8.015  
0744  14.024       33.0938   230.84  8.014  
0759  14.020       33.0999   230.39  8.013  
0815  14.021       33.1073   229.17  8.012  
0830  14.021       33.1116   229.00  8.012  
0845  14.019       33.1134   228.32  8.011  
0900  14.008       33.1162   227.76  8.010  
0914  14.007       33.1150   226.33  8.008  
0929  13.995       33.1187   224.87  8.004  
0945  13.986       33.1225   224.57  8.002  
1000  13.980       33.1287   225.45  8.002  
1015  13.982       33.1280   227.91  8.007  
1030  13.986       33.1264   230.07  8.013  
1044  13.982       33.1314   230.52  8.013  
1059  13.981       33.1345   230.03  8.015  
1115  13.982       33.1269   230.62  8.014  
1130  13.986       33.1243   229.36  8.012  
1145  13.988       33.1225   227.97  8.010  
1200  13.980       33.1282   226.36  8.008  
1214  13.972       33.1343   224.74  8.004  
1229  13.975       33.1323   223.41  8.001  
1245  13.984       33.1228   222.17  8.000  
1300  13.975       33.1334   220.84  7.999  
1315  13.973       33.1375   217.81  7.993  
1330  13.976       33.1368   215.51  7.988  
1344  13.978       33.1360   214.16  7.987  
1359  13.981       33.1308   214.05  7.983  
1415  13.978       33.1359   213.35  7.982  
1430  13.980       33.1183   215.01  7.986  
1445  13.981       33.1266   215.43  7.985  
1500  13.979       33.1247   213.92  7.984  
1514  13.976       33.1165   214.27  7.985  
1529  13.975       33.1155   215.93  7.987  
1545  13.977       33.1206   214.82  7.984  
1600  13.978       33.1264   214.08  7.984  
1615  13.978       33.1199   213.47  7.982  
1630  13.976       33.1000   213.58  7.980  
1644  13.973       33.1184   215.41  7.982  
1659  13.973       33.1188   215.08  7.982  
1715  13.957       33.1099   219.44  7.988  
1730  13.958       33.1089   221.52  7.996  
1745  13.958       33.1121   222.67  7.998  
1800  13.961       33.1147   222.24  7.996  
1814  13.961       33.1153   222.29  7.996  
1829  13.957       33.1140   223.80  8.000  
1845  13.953       33.1128   226.69  8.004  
1900  13.955       33.1107   229.79  8.009  
1915  13.963       33.1110   230.59  8.013  
1930  13.964       33.1128   231.82  8.017  
1944  13.965       33.1125   234.99  8.018  
1959  13.988       33.1104   239.23  8.027  
2015  13.994       33.1095   242.16  8.033  
2030  14.005       33.1106   245.24  8.039  
2045  14.025       33.1077   249.18  8.046  
2100  14.029       33.1087   253.54  8.052  
2114  14.038       33.1081   258.08  8.062  
2129  14.055       33.1037   260.47  8.067  
2145  14.048       33.1082   260.33  8.069  
2200  14.063       33.1043   261.07  8.068  
2215  14.073       33.1052   262.02  8.071  
2230  14.071       33.1083   262.28  8.073  
2244  14.073       33.1059   261.98  8.072  
2259  14.064       33.1115   260.92  8.070  
2315  14.085       33.1050   261.16  8.070  
2330  14.074       33.1052   262.55  8.073  
2345  14.060       33.1071   261.01  8.073  
0314  14.163       33.2545   257.95  8.060  
0329  14.181       33.2519   257.89  8.058  
0345  14.178       33.2500   258.08  8.059  
0400  14.176       33.2470   258.00  8.058  
0415  14.193       33.2452   258.17  8.057  
0430  14.191       33.2476   258.25  8.057  
0444  14.180       33.2525   258.50  8.057  
0459  14.187       33.2524   258.18  8.056  
0515  14.203       33.2494   258.70  8.057  
0530  14.203       33.2494   259.51  8.058  
0545  14.203       33.2463   260.03  8.059  
0600  14.210       33.2471   259.95  8.057  
0614  14.234       33.2502   260.29  8.058  
0629  14.250       33.2472   262.31  8.062  
0645  14.295       33.2470   265.26  8.064  
0700  14.316       33.2519   268.42  8.074  
0715  14.336       33.2517   271.32  8.081  
0730  14.334       33.2509   274.98  8.083  
0744  14.337       33.2508   276.18  8.086  
0759  14.339       33.2477   276.92  8.087  
0815  14.337       33.2499   276.62  8.086  
0830  14.345       33.2479   276.58  8.088  
0845  14.339       33.2504   276.25  8.088  
0900  14.340       33.2491   275.97  8.088  
0914  14.338       33.2507   275.54  8.088  
0929  14.339       33.2516   275.24  8.089  
0945  14.337       33.2489   275.09  8.090  
1000  14.335       33.2508   274.87  8.091  
1015  14.336       33.2507   275.29  8.093  
1030  14.336       33.2493   275.40  8.095  
1044  14.329       33.2518   275.19  8.095  
1059  14.315       33.2543   274.35  8.095  
1115  14.300       33.2518   273.63  8.090  
1130  14.289       33.2526   271.79  8.086  
1145  14.285       33.2533   270.61  8.083  
1200  14.280       33.2507   270.26  8.079  
1214  14.248       33.2666   268.30  8.077  
1229  14.271       33.2524   266.79  8.073  
1245  14.274       33.2512   266.05  8.070  
1300  14.251       33.2603   264.98  8.070  
1315  14.279       33.2472   263.91  8.066  
1330  14.273       33.2518   261.42  8.062  
1344  14.259       33.2478   258.55  8.058  
1359  14.261       33.2477   256.10  8.050  
1415  14.242       33.2541   255.09  8.050  
1430  14.263       33.2499   255.40  8.049  
1445  14.273       33.2415   256.27  8.052  
1500  14.266       33.2484   256.76  8.053  
1514  14.263       33.2471   256.47  8.051  
1529  14.251       33.2466   256.12  8.048  
1545  14.262       33.2492   255.20  8.048  
1600  14.278       33.2464   256.77  8.051  
1615  14.285       33.2446   258.47  8.054  
1630  14.284       33.2480   259.49  8.059  
1644  14.296       33.2433   260.69  8.061  
1659  14.287       33.2459   260.70  8.062  
1715  14.282       33.2448   260.46  8.060  
1730  14.284       33.2435   260.44  8.061  
1745  14.269       33.2500   260.53  8.061  
1800  14.272       33.2522   261.53  8.062  
1814  14.254       33.2517   261.11  8.061  
1829  14.252       33.2566   258.56  8.056  
1845  14.251       33.2513   257.04  8.054  
1900  14.254       33.2511   256.50  8.052  
1915  14.251       33.2485   257.51  8.053  
1930  14.267       33.2403   258.57  8.054  
1944  14.268       33.2433   261.06  8.059  
1959  14.258       33.2497   262.44  8.062  
2015  14.267       33.2489   263.05  8.066  
2030  14.260       33.2576   264.88  8.071  
2045  14.245       33.2559   266.85  8.072  
2100  14.253       33.2501   267.15  8.073  
2114  14.252       33.2517   267.27  8.075  
2129  14.253       33.2504   268.52  8.076  
2145  14.256       33.2501   269.51  8.080  
2200  14.277       33.2463   270.59  8.081  
2215  14.275       33.2552   272.51  8.085  
2230  14.289       33.2448   273.70  8.088  
2244  14.267       33.2550   274.04  8.089  
2259  14.262       33.2462   272.77  8.085  
2315  14.259       33.2432   270.14  8.082  
2330  14.232       33.2523   268.69  8.079  
2345  14.225       33.2589   266.99  8.077  
0000  16.116       33.4658   282.39  8.101  
0014  15.831       33.4676   278.69  8.086  
0029  16.023       33.4473   278.67  8.090  
0045  16.073       33.4468   282.23  8.099  
0100  16.369       33.3906   284.77  8.104  
0115  16.212       33.3869   285.09  8.103  
0130  16.172       33.3634   283.17  8.099  
0144  16.228       33.3544   280.27  8.094  
0159  16.073       33.4127   278.90  8.091  
0215  15.742       33.4729   273.91  8.082  
0230  15.423       33.3295   264.20  8.067  
0245  14.576       33.4644   244.20  8.028  
0300  14.098       33.2936   228.14  8.000  
0314  13.354       33.4332   220.64  7.996  
0329  13.785       33.4565   213.96  7.983  
0345  14.151       33.4401   219.35  7.999  
0400  12.780       33.4765   217.06  8.001  
0415  12.901       33.3849   207.44  7.979  
0430  12.412       33.4577   202.60  7.972  
0444  12.891       33.4397   197.54  7.964  
0459  12.475       33.4898   202.12  7.973  
0515  12.312       33.5018   193.87  7.952  
0530  13.058       33.3342   194.29  7.954  
0545  12.996       33.5095   202.66  7.976  
0600  12.475       33.4945   199.62  7.961  
0614  12.409       33.4966   192.50  7.949  
0629  12.366       33.4526   191.95  7.949  
0645  12.353       33.4588   190.64  7.944  
0700  12.064       33.4718   187.46  7.934  
0715  12.027       33.4733   184.51  7.930  
0730  12.657       33.4716   186.78  7.935  
0744  11.953       33.4957   188.73  7.939  
0759  11.817       33.4927   181.37  7.923  
0815  11.679       33.5107   180.74  7.924  
0830  11.726       33.4905   177.26  7.914  
0845  11.521       33.4867   173.81  7.900  
0900  11.526       33.4853   171.54  7.897  
0914  11.667       33.5124   177.87  7.913  
0929  11.903       33.4045   175.73  7.906  
0945  11.815       33.4128   181.70  7.918  
1000  13.286       33.4554   206.50  7.979  
1015  14.799       33.2170   211.79  7.973  
1030  13.572       33.5127   219.83  7.993  
1044  16.074       33.4642   233.85  8.006  
1059  16.023       33.4156   253.10  8.049  
1115  15.759       33.4376   256.41  8.051  
1130  15.447       33.3120   251.28  8.034  
1145  16.585       33.3278   258.08  8.055  
1200  16.456       33.3887   264.31  8.067  
1214  16.122       33.1902   257.80  8.049  
1229  15.445       33.5100   254.38  8.050  
1245  16.483       33.4239   260.45  8.065  
1300  15.884       33.3181   251.66  8.034  
1315  13.660       33.5904   242.09  8.024  
1330  15.519       33.4716   236.40  8.023  
1344  14.564       33.5512   238.30  8.019  
1359  14.097       33.3514   222.37  7.995  
1415  14.479       33.3725   224.38  8.001  
1430  12.774       33.4822   212.22  7.982  
1445  13.280       33.3804   199.22  7.955  
1500  13.350       33.4796   201.09  7.965  
1514  12.775       33.3923   197.26  7.950  
1529  13.718       33.3232   198.29  7.960  
1545  12.787       33.4311   196.81  7.955  
1600  12.431       33.4487   183.85  7.925  
1615  14.067       33.4750   199.01  7.966  
1630  12.131       33.6194   191.69  7.940  
1644  11.965       33.5093   174.46  7.910  
1659  12.066       33.4986   168.48  7.895  
1715  12.239       33.4721   172.14  7.907  
1730  13.859       33.3743   178.90  7.910  
1745  13.085       33.3903   188.31  7.936  
1800  12.888       33.4063   178.99  7.918  
1814  13.710       33.4826   187.58  7.943  
1829  12.106       33.6400   194.19  7.966  
1845  12.886       33.4669   182.02  7.921  
1900  12.450       33.4022   183.92  7.922  
1915  12.673       33.5741   183.31  7.928  
1930  12.995       33.3339   186.00  7.922  
1944  12.094       33.4950   179.97  7.911  
1959  12.532       33.5040   178.52  7.914  
2015  12.277       33.3221   191.56  7.931  
2030  15.024       33.2669   207.63  7.970  
2045  16.069       33.3721   238.30  8.030  
2100  13.754       33.3376   247.56  8.043  
2114  15.473       33.3883   221.30  7.985  
2129  12.966       33.4389   227.93  7.990  
2145  13.940       33.6259   220.34  7.990  
2200  13.759       33.5663   228.64  8.001  
2215  14.181       33.4186   230.67  8.008  
2230  13.256       33.6097   226.75  7.994  
2244  13.302       33.4762   221.32  7.979  
2259  13.223       33.6032   213.34  7.974  
2315  15.891       33.3366   236.18  8.035  
2330  14.332       33.5543   269.72  8.087  
2345  16.318       33.3829   278.86  8.096  
0000  16.369       33.3666   254.23  8.082  
0014  16.227       33.4778   266.06  8.086  
0029  16.289       33.4853   267.81  8.083  
0045  16.406       33.5051   271.51  8.083  
0100  16.572       33.4584   276.24  8.088  
0115  16.612       33.4885   280.01  8.094  
0130  16.743       33.4417   282.87  8.096  
0144  16.564       33.5475   283.41  8.097  
0159  16.520       33.4417   281.52  8.090  
0215  16.332       33.5000   276.00  8.084  
0230  16.274       33.4645   270.39  8.075  
0245  15.955       33.4882   264.80  8.067  
0300  15.704       33.4554   254.02  8.051  
0314  15.549       33.4654   246.14  8.041  
0329  15.278       33.4755   241.12  8.036  
0345  15.077       33.4957   236.50  8.034  
0400  14.899       33.4558   234.33  8.032  
0415  14.924       33.3875   233.71  8.030  
0430  14.626       33.4797   232.57  8.032  
0444  14.462       33.4590   231.14  8.032  
0459  14.408       33.4521   232.00  8.032  
0515  14.278       33.4467   231.03  8.032  
0530  14.261       33.4218   228.96  8.028  
0545  14.295       33.4450   227.88  8.027  
0600  14.435       33.4391   228.70  8.028  
0614  14.843       33.4302   230.36  8.030  
0629  15.200       33.4501   231.57  8.033  
0645  15.348       33.4720   231.38  8.032  
0700  15.339       33.4680   231.58  8.030  
0715  15.143       33.4728   230.86  8.027  
0730  15.189       33.4476   230.10  8.022  
0744  15.014       33.3977   230.10  8.023  
0759  14.696       33.4627   230.87  8.026  
0815  14.811       33.4505   234.32  8.027  
0830  14.695       33.4568   235.22  8.032  
0845  14.733       33.4710   235.82  8.033  
0900  14.679       33.4725   236.43  8.035  
0914  14.587       33.4834   235.79  8.035  
0929  14.698       33.4630   234.86  8.033  
0945  14.600       33.4637   234.80  8.034  
1000  14.375       33.5138   234.95  8.034  
1015  14.440       33.4256   234.38  8.030  
1030  14.361       33.4722   234.93  8.031  
1044  14.342       33.4613   233.69  8.030  
1059  14.252       33.4361   234.02  8.027  
1115  14.514       33.4442   234.74  8.025  
1130  14.230       33.4527   234.53  8.029  
1145  14.315       33.3959   232.12  8.024  
1200  14.284       33.4506   232.90  8.025  
1214  14.436       33.4506   233.80  8.029  
1229  14.450       33.4396   236.55  8.034  
1245  14.568       33.4307   236.98  8.015  
1300  14.362       33.4724   235.99  8.031  
1315  14.241       33.4579   231.40  8.023  
1330  14.250       33.4631   229.89  8.022  
1344  15.073       33.4428   233.63  8.026  
1359  15.126       33.4605   239.74  8.044  
1415  15.333       33.4449   241.34  8.044  
1430  15.433       33.3990   241.77  8.042  
1445  15.079       33.4454   240.17  8.037  
1500  15.666       33.4994   241.59  8.037  
1514  15.957       33.4624   245.76  8.045  
1529  16.131       33.4352   249.44  8.050  
1545  16.115       33.4746   251.74  8.052  
1600  16.207       33.4429   253.22  8.052  
1615  16.156       33.4641   255.18  8.056  
1630  15.981       33.4793   257.08  8.057  
1644  15.719       33.4681   258.55  8.057  
1659  15.539       33.4880   255.35  8.049  
1715  15.621       33.4292   252.91  8.045  
1730  15.615       33.4453   252.80  8.046  
1745  15.378       33.4375   251.25  8.045  
1800  15.204       33.4498   247.65  8.040  
1814  14.865       33.4790   243.12  8.036  
1829  15.786       33.4570   250.17  8.050  
1845  15.498       33.3262   259.43  8.060  
1900  15.682       33.4509   253.34  8.054  
1915  15.223       33.3842   255.58  8.051  
1930  15.149       33.4656   246.56  8.039  
1944  15.432       33.3944   248.15  8.045  
1959  15.631       33.4538   253.88  8.056  
2015  15.564       33.4070   260.51  8.064  
2030  15.061       33.3714   253.79  8.049  
2045  14.686       33.4692   243.50  8.034  
2100  14.537       33.4519   240.22  8.030  
2114  14.872       33.4694   239.25  8.033  
2129  14.370       33.4573   239.50  8.029  
2145  14.347       33.3889   227.60  8.005  
2200  14.795       33.4345   228.83  8.015  
2215  14.909       33.4095   238.84  8.038  
2230  14.641       33.3547   239.75  8.038  
2244  14.444       33.4414   233.41  8.024  
2259  14.157       33.4757   228.38  8.012  
2315  14.154       33.4237   219.75  7.997  
2330  14.240       33.4310   217.00  7.995  
2345  14.044       33.4653   216.67  7.993  
0000  14.380       33.2642   283.07  8.128  
0014  14.377       33.2649   283.26  8.129  
0029  14.373       33.2682   283.24  8.129  
0045  14.393       33.2649   283.21  8.129  
0100  14.401       33.2644   284.19  8.131  
0115  14.394       33.2667   284.31  8.131  
0130  14.393       33.2643   284.44  8.130  
0144  14.384       33.2646   283.69  8.128  
0159  14.410       33.2605   282.56  8.128  
0215  14.410       33.2681   282.63  8.127  
0230  14.391       33.2660   282.34  8.127  
0245  14.419       33.2569   281.90  8.126  
0300  14.378       33.2624   281.67  8.127  
0314  14.382       33.2589   281.25  8.125  
0329  14.393       33.2602   280.95  8.125  
0345  14.395       33.2583   281.20  8.125  
0400  14.400       33.2598   280.85  8.124  
0415  14.386       33.2603   279.97  8.124  
0430  14.391       33.2545   278.52  8.121  
0444  14.387       33.2561   277.04  8.118  
0459  14.380       33.2534   275.67  8.115  
0515  14.377       33.2568   274.33  8.114  
0530  14.361       33.2545   273.39  8.111  
0545  14.360       33.2574   272.15  8.110  
0600  14.355       33.2570   271.99  8.110  
0614  14.353       33.2582   271.43  8.110  
0629  14.351       33.2585   270.35  8.107  
0645  14.344       33.2590   269.63  8.106  
0700  14.334       33.2596   269.23  8.107  
0715  14.329       33.2598   269.28  8.106  
0730  14.328       33.2594   269.06  8.107  
0744  14.319       33.2600   268.93  8.107  
0759  14.316       33.2590   269.07  8.107  
0815  14.310       33.2582   269.34  8.109  
0830  14.296       33.2603   269.81  8.109  
0845  14.301       33.2599   269.78  8.109  
0900  14.301       33.2624   270.27  8.113  
0914  14.301       33.2632   271.01  8.113  
0929  14.306       33.2599   271.03  8.113  
0945  14.306       33.2633   271.04  8.114  
1000  14.310       33.2634   271.26  8.115  
1015  14.307       33.2637   270.92  8.114  
1030  14.309       33.2657   269.87  8.113  
1044  14.315       33.2641   268.68  8.111  
1059  14.315       33.2635   267.38  8.108  
1115  14.307       33.2643   266.03  8.106  
1130  14.319       33.2631   264.96  8.104  
1145  14.316       33.2521   263.68  8.103  
1200  14.325       33.2486   262.74  8.101  
1214  14.323       33.2499   261.83  8.100  
1229  14.324       33.2495   261.34  8.100  
1245  14.330       33.2473   260.83  8.099  
1300  14.326       33.2429   260.89  8.099  
1315  14.317       33.2399   260.98  8.100  
1330  14.293       33.2332   261.24  8.100  
1344  14.284       33.2184   261.68  8.101  
1359  14.275       33.2233   262.26  8.103  
1415  14.265       33.2238   262.51  8.103  
1430  14.257       33.2259   262.69  8.104  
1445  14.249       33.2227   262.50  8.106  
1500  14.252       33.2231   263.03  8.106  
1514  14.257       33.2257   263.13  8.106  
1529  14.247       33.2264   263.03  8.107  
1545  14.240       33.2279   263.29  8.108  
1600  14.235       33.2279   263.83  8.109  
1615  14.234       33.2284   264.46  8.109  
1630  14.230       33.2264   264.88  8.110  
1644  14.221       33.2264   264.50  8.109  
1659  14.222       33.2244   264.83  8.110  
1715  14.223       33.2276   264.93  8.109  
1730  14.222       33.2271   264.64  8.108  
1745  14.221       33.2269   264.46  8.107  
1800  14.230       33.2266   264.73  8.108  
1814  14.226       33.2268   265.39  8.109  
1829  14.232       33.2247   265.69  8.107  
1845  14.225       33.2258   265.42  8.106  
1900  14.230       33.2256   265.27  8.107  
1915  14.234       33.2253   265.46  8.106  
1930  14.234       33.2258   266.12  8.108  
1944  14.235       33.2276   267.31  8.109  
1959  14.236       33.2255   268.94  8.113  
2015  14.241       33.2253   270.15  8.114  
2030  14.244       33.2256   270.63  8.115  
2045  14.252       33.2259   271.38  8.117  
2100  14.253       33.2258   271.77  8.117  
2114  14.259       33.2263   272.44  8.118  
2129  14.260       33.2257   272.67  8.117  
2145  14.262       33.2261   272.50  8.118  
2200  14.266       33.2247   273.40  8.120  
2215  14.271       33.2253   274.74  8.121  
2230  14.270       33.2254   276.28  8.125  
2244  14.273       33.2250   277.44  8.127  
2259  14.279       33.2276   277.58  8.128  
2315  14.271       33.2277   277.45  8.128  
2330  14.272       33.2272   276.71  8.126  
2345  14.276       33.2278   276.70  8.127  
0000  14.167       33.5284   277.26  8.119  
0014  14.104       33.5338   277.25  8.115  
0029  13.993       33.5256   277.62  8.115  
0045  14.005       33.5713   276.80  8.116  
0100  13.875       33.5514   276.27  8.116  
0115  13.787       33.4872   276.24  8.117  
0130  13.785       33.5737   274.55  8.115  
0144  13.715       33.5063   274.44  8.116  
0159  13.627       33.5873   271.81  8.115  
0215  13.548       33.5700   272.35  8.116  
0230  13.387       33.5553   271.21  8.118  
0245  13.333       33.5028   270.85  8.117  
0300  13.355       33.5652   268.27  8.115  
0314  13.107       33.6023   268.80  8.113  
0329  13.186       33.5759   268.00  8.112  
0345  13.140       33.4620   267.68  8.111  
0400  13.433       33.5207   266.73  8.107  
0415  13.434       33.5464   267.33  8.107  
0430  13.756       33.5817   266.37  8.105  
0444  13.804       33.5409   265.88  8.104  
0459  13.554       33.5113   264.70  8.107  
0515  13.588       33.5597   265.36  8.105  
0530  13.682       33.5707   264.03  8.103  
0545  13.744       33.5313   264.92  8.101  
0600  13.766       33.5355   265.30  8.100  
0614  13.864       33.5630   266.16  8.103  
0629  13.866       33.5323   266.43  8.104  
0645  14.030       33.5315   266.21  8.100  
0700  13.841       33.6072   266.47  8.104  
0715  13.811       33.5155   266.83  8.104  
0730  13.943       33.5061   267.10  8.097  
0744  13.784       33.5894   266.51  8.100  
0759  13.968       33.5450   265.92  8.097  
0815  13.894       33.5441   266.24  8.101  
0830  13.686       33.5226   266.22  8.101  
0845  13.581       33.5813   267.12  8.100  
0900  13.631       33.5622   267.44  8.102  
0914  13.682       33.5153   267.20  8.097  
0929  13.462       33.5711   266.07  8.100  
0945  13.530       33.4793   265.68  8.098  
1000  13.537       33.5066   264.67  8.096  
1015  13.593       33.5166   263.22  8.096  
1030  13.600       33.5334   263.01  8.093  
1044  13.441       33.4973   260.84  8.097  
1059  13.439       33.5312   261.17  8.095  
1115  13.446       33.5677   260.18  8.094  
1130  13.430       33.4858   259.66  8.099  
1145  13.547       33.5271   257.58  8.090  
1200  13.566       33.5909   257.34  8.088  
1214  13.591       33.5015   257.63  8.090  
1229  13.618       33.5496   257.61  8.090  
1245  13.948       33.4569   256.71  8.086  
1300  13.960       33.5180   257.35  8.087  
1315  13.964       33.4913   259.56  8.088  
1330  14.050       33.5219   261.31  8.092  
1344  14.036       33.4683   261.98  8.093  
1359  13.934       33.5473   263.15  8.093  
1415  13.897       33.5212   263.54  8.093  
1430  13.728       33.5382   263.18  8.096  
1445  13.495       33.6265   262.48  8.100  
1500  13.625       33.5450   262.18  8.092  
1514  13.644       33.5321   262.31  8.089  
1529  13.532       33.4981   262.44  8.092  
1545  13.454       33.5979   261.87  8.094  
1600  13.327       33.5155   262.83  8.095  
1615  13.364       33.5024   260.24  8.096  
1630  13.268       33.5542   260.27  8.093  
1644  13.312       33.6051   260.05  8.091  
1659  13.394       33.5883   259.83  8.092  
1715  13.462       33.5832   260.62  8.093  
1730  13.356       33.5041   261.12  8.095  
1745  13.384       33.6198   260.56  8.096  
1800  13.926       33.5178   259.47  8.090  
1814  13.841       33.4776   260.86  8.094  
1829  13.842       33.5118   261.41  8.096  
1845  13.687       33.5474   260.99  8.096  
1900  13.906       33.5216   261.83  8.092  
1915  13.764       33.5601   262.27  8.097  
1930  13.645       33.5183   262.18  8.096  
1944  13.585       33.5829   262.42  8.094  
1959  13.523       33.4924   261.70  8.093  
2015  13.686       33.5150   261.35  8.086  
2030  13.715       33.5147   261.82  8.090  
2045  13.665       33.5689   261.60  8.093  
2100  13.661       33.5501   261.63  8.094  
2114  13.756       33.5220   261.75  8.094  
2129  13.580       33.5204   262.23  8.095  
2145  13.679       33.5344   262.99  8.095  
2200  13.521       33.4755   264.13  8.100  
2215  13.505       33.4962   264.78  8.099  
2230  13.620       33.5211   264.76  8.099  
2244  13.677       33.4755   264.44  8.097  
2259  13.794       33.5313   264.72  8.096  
2315  13.937       33.5421   265.83  8.093  
2330  13.772       33.5160   267.24  8.101  
2345  13.678       33.5384   268.43  8.102  


